18 21

21 9

9 12

12 99

99 4

4 101

101 8

8 14

14 7

7 112

112 98

18 21

21 9

9 12

12 99

99 4

4 101

101 8

18 21

21 9

9 12

12 99

99 4

4 101

18 21

21 9

9 12

12 99

99 4

18 21

21 9

9 12

12 99

18 21

21 9

18 21

9 12

12 99

18 9

18 12

18 99

21 99

4 101

9 4

9 101

12 101

18 101

21 101

99 101

8 14

14 7

7 112

112 98

8 14

14 7

7 112

112 98

8 14

14 7

7 112

8 14

14 7

8 14

7 112

8 7

8 112

14 112

7 98

8 98

14 98

112 98

4 7

9 7

9 8

9 14

12 14

18 14

18 98

21 98

99 98

99 112

101 112

